8484
3423324
3013120
5479374
9151
14934
7761
30285
29443
27618
32497
9363
21865
6167
627500
154
7643
26492
23162
22468
4793
322874
19403
4394864
478742
3987685
7255
10378
21972
3908
7653686
1036887
26533
9833
7267
4892245
9097365
10927
9604307
3360
1898393
5549904
5746715
12501
3754560
1960116
32598
6490528
3551870
4642
3953500
782916
1103936
2230415
968600
6315764
5283436
18043
20704
1802
24355
9571870
5959470
1591400
21827
9866806
6466048
7996940
764298
2558120
8862
11857
19794
12091
1662143
6908214
27844
2881
4655588
8308185
1222
21076
2643936
5097500
9255665
5079144
9791660
29733
1433600
28824
17140
16146
8763700
11612
22436
28286
12368
4750
14760
16987
10255
28247
1477400
9102316
22266
15932
9719810
1961616
4764270
8045290
15541
16302
18989
3517576
6515792
8873096
8300624
8998792
7883180
9308
15556
167
8335920
6670
3481
7826959
19860
1930361
6951463
1571422
1300716
10463
13957
1782531
29942
4466970
11644
3858755
9398
10482
29128
7154218
5234091
12294
6571679
30067
32291
9642910
20783
3205864
24230
20503
9676112
14276
13895
4966
4076152
503766
1046890
15757
6840690
10553
9045
26593
2138037
31560
8977594
6661
20975
1464020
4350
6574688
21571
13528
8919
13464
1600616
11530
6309716
25802
26325
23655
6332342
1699
5498470
15661
4652290
409379
4883
6832
9680186
1207770
18889
9841152
6048630
9472
5832642
15480
1029456
665564
6920720
2505946
14873
1832942
6206998
3196015
7348864
291
11291
6562518
2115421
16800
7287176
6528890
6988560
557872
12029
15799
2959200
23537
2583942
8586934
24306
5467
31111
27388
8730260
27469
14616
20825
7894682
20684
9955834
32378
19879
9037
2476224
8254026
15809
7785
12562
15142
157908
5807883
6767
8105096
15613
28675
12206
2415
603
26924
16843
9490912
9660477
5445788
18272
28339
8917
7009
2198960
20173
15354
6713636
24902
4621408
19659
2537770
24214
3560200
19172
2228046
7167904
5527832
9849
8594900
6410824
7688113
19352
9406956
5245
11358
30809
21823
1578240
9585152
7108782
18630
9784925
22367
7901500
23196
805940
22934
1442387
8404556
5394
6144843
23860
22602
9949056
9884742
7372444
8062560
12296
11408
9577874
11727
9475
11358
8153000
13849
190897
6309
5677648
4200846
5020424
24840
4529652
5677168
22109
2605333
11912
12099
20029
21309
8244492
15795
8626
7381146
3136682
7937680
30069
6449448
28646
23604
6665201
1391515
3784362
6985472
19230
9437216
19905
5666316
9793208
31953
1510262
8339882
504299
5916193
4698
10164
18868
1566484
3784362
16255
7145295
30220
256736
561850
9237896
1419264
26759
7941750
4742625
27885
5102
18266
2971816
17302
7891672
9222057
5761320
19021
28364
29020
29665
19097
1118112
5046155
8120360
17068
3975188
1173888
8423
10087
17754
9630825
10303
26733
24984
6890790
1534
3506396
19560
19335
2605
17170
24081
5501034
4282058
538
20911
5873256
6987
1638826
9489000
6887
2428
3804425
5590850
11352
8552245
13012
9908558
4732
31878
1818710
19411
5407906
28171
28265
4659992
1529016
5626472
3950252
1123550
4388
448254
2906200
9975
31335
5940
9089232
27075
31493
20891
13994
16038
27607
2605333
105472
8937398
21198
31662
9746337
941968
23915
1062
7037
21805
11726
26233
4902149
18821
26365
4241769
2600550
1193820
31049
31111
30667
3617581
8752995
1120182
7023
25633
10913
4318
1443
26455
31311
7927210
18832
5407906
6305864
9727354
32196
4581
559
3219850
60564
15584
6772
977
7216622
18339
2289390
310
15359
7258088
1849254
596136
8284134
24743
17468
7039500
2661
18058
20076
5256462
31292
7696725
5224766
7929085
2906157
9464248
446970
8153000
3129100
22844
1436
9007180
3782368
382368
309160
9617650
10045
7117612
7187
7720
29099
11106
2661885
30573
11877
23809
11791
5554720
642124
3329845
8783638
6180880
28880
10042
9629855
17833
6993228
844650
8259091
636
983074
9707075
13522
2020
9211
6373856
505448
29379
4904430
2739016
2759584
6840808
2757492
7965
19741
7482644
32382
13051
15107
29039
15437
20496
31951
9605443
764298
18896
3246234
4926180
8776150
8354
400997
4469040
7584009
13494
935498
15573
141062
20590
22194
1513770
901696
11186
3807
14973
3147
778
5654906
2878298
4164822
2779240
21086
9415342
9937960
6642
8128660
29621
1118006
15717
18672
22105
5319374
7711856
238981
9237896
8764
28499
9457875
7326900
1053125
5791
2347
19980
7794815
6485680
29754
9998
187407
1551840
22490
6126960
755476
5631657
29372
5611296
1400229
19795
1013
24330
6848844
23150
29949
27096
926678
7505
29017
13837
32351
248376
13927
7791600
4117536
1133000
15362
5718974
27941
31965
4752646
599160
6890810
7811360
8729582
2525800
5855957
20285
1824022
5318240
7927755
734996
8206780
3927146
28908
351774
3375213
29294
5008135
2720423
26871
26224
9287798
22043
27680
9746337
3007360
599160
11032
32175
24386
7883180
2111864
8615
12030
5917
9164832
30376
1197076
29410
514
2144
564320
7244757
4507
14794
22765
19525
29157
4825274
3670548
3149060
24948
8832744
4150104
25821
16583
21708
7145360
28087
20862
3002364
15961
6523282
4243
4571600
5979370
2511996
17892
4071303
18237
7430
20391
563850
9910240
4668338
290710
9898581
18595
1571422
9788864
2065735
3778782
15244
9493560
7591
9990020
8112817
11
8505443
2655200
9349502
7786167
935498
1416328
9782633
7569450
3357930
4349518
2624987
15382
7663022
27821
4736000
7547470
2051641
9145
8081652
7190
6121943
22725
16321
6122
7167904
29128
5227
28385
9473864
4968832
755476
1678656
5564108
5833831
22755
1106
9887
7766240
5910950
9220545
31097
16903
1360456
8697004
6611433
1311
7450902
11373
3902
20365
2551
5670025
7189
2781975
4425694
13288
129492
18188
19370
15690
5389
26717
18356
8938750
18807
20436
3235748
3478
10317
1112
23871
30775
4192424
15654
7287176
25484
27399
2593785
9698022
2786396
27826
6056976
7295465
6818565
3178204
26480
5496231
5162051
19792
2331510
22001
1285290
4910208
4374
825721
6523282
7892
7916
8469386
8628
4039
8325
948
26484
7243800
454
1087175
215
17376
3946211
2122973
5836203
24113
7004397
6352
5516
9524683
5106740
3825726
9890119
9473
18481
4147610
22877
27202
5482871
592992
9385700
1239150
20885
22270
3622344
4385248
13557
288160
7186208
4034792
2948731
7435024
5899723
270
2370
2772464
5705690
24382
1509390
5901824
5818522
18833
8843025
9261740
6304288
29540
9791660
9630825
2413669
17420
22024
5138890
8344786
4883712
256620
7574004
23875
8051450
4327296
1057517
8686346
1966818
7391876
21842
599697
6614748
7792400
9645184
9106160
7124416
328780
28407
5316
9749376
6118725
2346590
6830720
6609736
10909
1425324
6125168
1948080
3885632
1869132
7659930
3809552
1090
738384
18229
8857373
21704
10602
7390
17030
3430
7624
26031
12541
3992020
7934195
24673
3116913
6830720
1744889
2440952
26081
4047850
2005694
9720
32442
187407
9519758
2788600
16653
18356
6729861
3974330
25784
29296
10005
921882
18593
9023940
3251688
13104
6275
28860
5570
2736995
511076
9655992
2451926
9205103
4018240
5398576
6015150
6048557
4400
310070
1179463
18625
5917396
6778749
10269
2551
4608500
8589050
5999308
4677872
1804748
5621895
7619902
26917
9651308
19419
4672198
2116
1986
5188
3316
17529
24167
18154
10741
6790
12813
14200
6179036
148
3405534
212918
958320
292003
1153054
1504344
17960
1878349
13931
25545
22752
30390
14368
16674
20548
4650
1773961
30236
6227235
5658954
446970
13401
1788205
2040182
30444
3615184
22816
18013
13884
641358
29633
20467
1311733
26751
2235283
9017515
596136
2337
4767588
29919
3176416
5147132
9537
5433630
5791648
5276285
5763840
10056
4285448
8451264
6024404
699680
4684
4351624
8442545
6206998
30365
6749514
698474
543150
5323620
6586876
1600616
4203
31819
4043442
26269
14224
4281
20922
27746
12238
28049
1591
7442400
4630026
32038
721824
18938
7746715
3381965
977710
3671872
4474985
27244
15901
2443
2329338
27543
19353
1024966
1190
23865
8005892
1025817
8389665
319427
20885
21510
11608
6397816
8742170
12482
12171
9457
18422
511080
1448000
30361
1136
4026144
6848
1693312
891200
4130371
4177990
1166400
6562518
7651408
6106
2603464
12347
23981
28200
19188
20652
4508
8135504
18644
30033
5892
24533
6545
2820810
21785
29043
9252
3416
15169
4829060
9690595
16789
7839035
9186216
4823920
5608688
23179
520135
7743
31025
27844
9992502
8980698
400
22993
2754391
4490368
9820
11445
8639
903818
3193320
3292544
22861
795680
3345
6464770
8684192
5454
29653
8651913
1197
2471623
29832
19531
24986
12934
3057360
26773
4737
1103936
892592
18835
2207540
7257
9274
940320
7080516
5356968
5718974
1431665
14698
1715009
6437
10370
3797390
769
6388
17156
2946384
6311514
3677928
30397
927669
4434408
5603500
16166
14590
832759
5055471
23063
3932160
3107686
3372
5007030
6298
253638
1945468
424553
8681923
9679
8168
8371390
17598
2162000
29822
7359
11899
1213470
25417
2788
5147132
20070
7601
26536
3923448
2113480
5761320
700208
21741
6150688
18028
25237
5965837
5126934
2166308
25002
8379
14970
811200
8687459
9890119
3659255
811580
6612
9660477
14098
1049212
4910208
3866918
7130006
6903334
12727
24949
2317280
14025
3277
9967750
5212086
22380
11815
24188
3007
6244
13986
15804
5484
16112
5285366
4827
5929361
3959
5466756
12884
7246
16655
5980
32388
8247100
20957
11775
14778
7305440
13131
9750400
1441480
9080316
31705
21011
2121672
5645404
31081
6207080
9353824
8892509
25316
32724
5317816
30735
3491742
6292
3147
22908
7047
13452
17945
1124
24550
5527322
832
10611
10673
9229
1333763
5657414
13
17560
9817880
4587107
6242625
7060372
31513
4490
6206998
14838
22080
8423640
5597440
1187528
7982012
1431254
3870
16166
4367005
6168
15859
2007834
10284
974
29680
4173760
19296
1486550
5874238
605
8052306
11919
16547
17711
10011
5317816
5501034
4225924
1849
6424
5466692
9676112
4616320
4071303
8577
5337
7513934
9738868
16328
11423
11629
6470045
16520
11139
14769
14598
7042960
3837
4553428
8626826
11247
3370513
14446
2582198
3089258
7750608
31550
7207398
3424840
19857
6775870
1635216
25601
28684
2474
21325
427579
3111974
10550
6239560
22866
3453102
8339882
3209
18260
27423
28726
1019350
1926016
1893
8416
3901530
2532
1469028
26371
12778
3495431
8179312
1520
7748
7407342
9372570
2135259
17392
3866288
3550106
1290
20999
28167
7430
4839768
1444
5745896
897600
15010
20150
9190551
30672
30302
10055
8840633
2600575
7453620
6799137
6816
6721
4337510
10937
8410890
5403671
6337120
7261248
13166
18229
522
2307051
7664682
8445442
9984285
22407
18445
1684
6134714
3152694
4896188
18055
13727
1675
9324512
32644
6557980
23622
7551
27476
25049
19821
4984635
1635216
30925
1771080
11686
226
2190969
24339
26517
731
5389607
4512992
8422048
31308
340636
8874955
2588
30494
9771424
29930
6883
27630
6939796
30238
2644818
4066984
8152276
3659083
32567
28141
1408592
7621580
5205066
19114
717009
9740968
1218
3506
32032
19255
15608
27299
21403
7863328
3364
8795
8140
67
7643630
10371
14838
9763741
7341962
5718
15275
9315068
9444
6524874
2418720
4580090
2189088
5662015
684029
4670
5137
20310
1595716
28150
1993341
24994
10815
1335725
19664
31854
141
3626020
3099
4413052
28112
30065
9692
5329
2679406
7691904
7391260
20784
8545
6243
1091
14977
17296
31996
3697
18959
10894
16242
8018770
4050820
2518472
1778132
9782633
9418280
4345382
2828256
8926
301
4230143
29084
2899722
8892800
5832642
8338464
9990020
27853
4019452
1544
2644818
32095
15563
9028715
7877690
32255
5541038
5108
9272790
302
24374
28376
3198664
25250
21578
2710276
1406336
9204630
7467896
3960
2098692
23751
5596468
1120182
8672229
5655993
9837828
2302956
24420
3199212
340636
2244075
27936
5545274
6263120
1777
9571870
9266120
6589185
31517
2585
14048
5169
99380
5381
14840
2978
597900
1510262
26830
24411
2647825
22107
299
7215000
2560959
23900
331
1500147
9472
1501
22043
5145776
8974084
3276
6353450
11040
19866
3757440
13839
160
7382880
20062
9154134
4312806
6354397
7602
9564
14817
2122973
7813226
31685
6201920
1776
2752564
16138
28254
4263
3822310
7878
2788190
2779240
21149
431473
30767
3497560
2566
18240
9850
6360578
2765
2018
19413
25002
848
1659232
4764763
6571679
24222
2537770
3086944
4861952
5912
5286901
26061
2236250
21467
3119465
24113
12416
15450
26199
7255476
3616746
5997251
1673088
7574
31812
3116688
20651
24201
4209966
2846779
8322330
12503
3331
23743
18653
4264998
4603110
2347
9944786
25900
865434
9898581
9866806
8768063
2707800
2786396
29062
26610
24644
20318
2419694
6732220
2699
13109
23409
23901
5883
17876
4103488
5935
10291
6409768
6404
10713
3051
8375272
17115
8460864
32633
6514
8763700
5109459
6301898
23574
22161
8956493
3408480
10876
22013
6642
1719784
7036384
13077
14108
14042
3268480
3283112
6552140
26597
28835
9891080
7326900
17419
3487478
29852
8024
2356000
18438
9258522
3486430
478742
2666818
2546271
16488
7946772
8231680
18980
1946047
3408986
8891652
9749920
8957840
5106740
958456
11005
4669640
22744
1510261
1050
2007
7521386
6033720
53765
6229669
28922
297
1946132
10070
1263521
6847811
14566
9171968
9732964
15711
295
1638826
26050
12337
7891672
1821665
20836
2930
31157
15217
11923
8379552
7908128
21132
2407
22371
4440488
28261
6302240
6116
146160
21067
7549060
27186
19196
2189088
11771
16604
19637
731
7519944
5400099
5779848
5958
4825274
459270
24620
5245017
6165880
5767168
19501
2007834
19462
3646280
29736
19091
19903
4608875
6528600
607828
5726837
26480
9425994
3245856
4249770
2943493
9574676
14247
28623
5625278
5545678
31548
29994
9237896
7168
1236836
68992
7765
1719784
4922858
2702
129492
7524086
7605
18580
6707560
6097530
21292
15390
5831080
1622416
13396
16963
3803822
15063
19145
4977920
29949
8082
2820810
19038
1031646
30928
8665112
5470958
31821
9034820
7370620
8537
29084
673382
1797406
3600
11563
23445
7444919
5713264
3688
14501
31180
26422
8837096
29226
3446
5261716
26255
245184
23100
13592
3071
5452150
963
9357846
28399
29428
10007
8812195
5700544
5706134
11557
7156
17606
9434344
8083210
5100302
21753
6390304
5607336
3683
3560
2098692
6840808
26053
517510
5625160
1057517
6585
9244324
12317
32744
5055471
31087
3623348
4285
2843648
1639394
21261
10322
3340856
28587
789500
17489
20184
4209652
18199
886
7906352
8901
13228
22944
4588
3239076
9740926
16169
2832416
25838
4325
5069328
11671
1691
20927
4337392
21744
2477450
24243
9598
12873
22664
3472900
645310
3702070
32332
1656252
4622
1827
5131
4972572
23671
30777
312446
5785236
8650095
24221
5029854
1129675
24675
32142
23900
8647695
5470452
28543
1988
1671080
9642910
25582
3034
20741
2160186
28826
9790
5591304
5337
2922
17424
19385
1205051
9582604
9191230
30039
2034702
29626
4749972
5816915
7969434
6278000
11706
10466
1923353
5041067
13283
6428
4052766
29051
10861
154284
5587
1741540
2688516
15499
18438
8973
17638
9138790
16129
612382
3303440
6643680
9191450
13020
319852
27624
5765
6697
9114021
1228835
7027124
2371648
20221
2793
1469002
21028
2799760
1424634
5658954
4875130
3195003
154938
8082435
30090
21389
9266
7191
22911
2239110
20592
4669
28267
28647
3858384
9997
2616430
30387
22348
4782
746031
3858384
5631657
8978440
30950
1434176
28093
9578082
26973
21562
7776182
17243
2738
23985
4279951
1736080
665564
358876
8137984
30058
19876
13969
7833500
7018727
6246
9773774
13138
26201
7149472
4172359
544660
4483
5114830
8170
6101258
24836
6183
28433
5316000
7407342
17286
5198462
30780
7919407
4967290
25301
1634187
276936
31832
4708030
24716
2681850
2906200
15479
32504
5957980
2392950
8231218
3608438
3393
9409507
754596
9739392
2125
6757160
3669024
7342600
15814
5126934
14993
6500452
1247
5928100
4370647
5046155
8236
21202
9602819
1771080
1641600
4453
9625872
4595360
8807102
6169160
27301
9321
7575757
43927
1486550
9005099
27793
8014145
8480
23006
2430608
7468
8886
20196
27169
573095
22610
7388
32504
7567370
6171
2527030
6230330
3177640
4398240
5786326
23891
16535
22333
3795706
15156
6237216
21448
17945
7946772
1500796
4956045
16897
14108
7117084
24132
6342864
1675256
6479
141136
803657
17011
974
23759
1723128
31006
7610750
8162670
3659255
2644818
20295
9370000
16490
1601940
5159656
23730
3142267
4875130
2631080
32753
3982241
3951792
5947
27479
14805
24254
5744145
22182
32009
7863328
7444062
24786
2579
23068
4406417
9481
12749
9598633
23637
8946748
2827862
32484
21807
13323
28562
4055784
1960116
3375213
28021
2406314
17019
15221
4723585
3176
24128
1063600
2606
2592
23832
3319
6448256
413840
157280
2553696
5774503
4662760
4797188
1938785
27230
736375
1650
9734
21269
4266454
3075616
27048
490384
609
16551
20465
26915
26111
25284
7883180
1862282
3812012
32437
1878349
3516184
4026930
7779198
8270240
1524702
9915768
14309
23514
1993230
11914
7800
7439690
5139140
8541578
10666
23665
216
3408992
21863
11379
19262
5945
6239560
9992502
15444
18240
15368
8317610
27931
8557896
7795360
3116688
6657892
5601090
12909
16609
10301
765576
30604
6080731
2535
938170
584250
12763
88361
1692515
18618
2872835
6685210
6304148
8121743
3900266
6704408
8949859
4101
4451988
7652736
26493
22781
9353392
8794440
7229730
4184208
9577
4829987
20350
819273
5996428
4838373
15302
10319
4880616
24353
8320575
13928
1061210
12573
6015805
27113
5055
3040328
32568
27333
738934
3057360
903818
1938393
914
19136
2045066
30915
3668
19573
8195
2077512
7474978
4062839
8868224
7411760
24044
4254
18759
797526
8972910
11856
2387520
8063793
2454404
1227850
2965850
13338
3795816
9939510
6748
23329
4723626
25413
7985491
2448212
12763
4516142
29873
8083210
958320
4079
7748470
10067
17008
7992605
6050
6509258
9166
9785760
8413
21464
7717577
311
28882
19760
2745658
3066699
18711
8410
2558735
7230
18099
5733818
562280
6108456
8063793
17003
19900
6264919
3146
18319
30767
22843
24474
3488890
3057360
31562
6191750
5663173
5155327
22435
1976
6848712
7979739
1125830
4891854
7853849
11198
21465
10874
1694320
4962288
23935
4739610
1410635
9183857
2315443
1555
18948
2976000
6970
9302782
12811
419183
8446645
26032
8965100
7923
6117857
7423
562280
27790
6156852
1448000
6830720
17707
21758
3518297
28019
3550214
2903336
4405
544660
3993
4801770
1801
2777
1187
7710737
2985848
30345
15560
9526
10777
21778
2650122
5839
431473
8035498
7927755
8942
3798
15827
13092
7127244
4021120
22031
20779
23551
23586
9143
30077
7750608
20317
1605523
27651
257408
9793152
29108
10983
24085
3120204
3294
9287095
817146
3054456
17441
5852250
1757338
3521337
6832914
5158554
26854
7604507
2671240
8957123
4313984
212918
31428
27792
8178499
21797
12144
3961728
8787492
3584542
8627
5591304
8045290
18298
9702480
7630586
1962
8055883
60564
5726906
16653
28090
8088680
7796576
17986
1358700
29783
9350
8568190
31576
28203
11511
9038
5010730
29009
9690595
3130416
30785
22503
23731
8729582
548600
14815
14877
27199
1578467
20793
424553
513640
3020587
6458630
15378
5459
27559
20194
9829691
5153
9880160
4981655
29152
3076850
8397780
838966
3219456
9655742
5525466
6611
2751
8707024
23330
25738
13050
8147755
7125
9417055
21123
65355
595
2976810
4767220
2723931
4350375
28714
9514760
3533881
2141296
19062
22612
6732220
16973
124928
9648755
6509258
7090998
8333
28400
25346
26060
3163290
18857
7379424
7016480
1028510
6000
3776199
141136
4727535
3227702
24530
5892
9235
19340
3497
1297674
8411
13697
8958715
3962451
8934281
2013200
4263080
2684
6177374
2330
11515
420175
17269
23321
9211510
8831
4865277
9185
6121943
7615
3123832
4977920
19506
4811696
6785710
5111092
27082
20686
24388
4708448
18145
1636559
8899394
10844
20642
9146955
6175937
2670606
21598
2976810
9456110
765104
3751268
5428854
1571652
4252
17072
25653
14217
2455408
2230
2033746
2392545
13208
16857
26885
4865277
25396
1273784
21159
8778571
4199
4814
20129
13453
20176
9496625
5627695
9541992
25356
20864
31578
8110324
9196524
4032538
9505
13080
11873
3595
3485800
8000
16304
5101766
5198462
532332
2662
4306
21354
1399200
5817040
32474
22267
795818
8327400
6871
15285
26150
7189080
2120250
100444
135008
9829691
7723025
13631
1638826
811434
1428200
7629520
4423638
14196
9921421
2725040
596136
2506225
18693
7058038
8087048
9942240
12052
5792
402334
31675
1239150
2976608
1122
29937
20522
6479806
28567
5835
2823125
2771008
6820661
9659252
3261216
4727
7020464
9623
15944
23453
11369
18339
5156660
14373
19116
7365
7067444
8110324
3196950
13264
23517
12099
7717577
28065
22823
9634
6665201
2114452
2206
39547
7325
3831203
6788985
6299
15488
6815344
2926238
1641600
652005
31489
9868384
30982
9276850
9598633
21452
16623
940320
6478
7592328
4066432
20991
26733
7628
5603500
12158
7474403
7123432
8
2174560
29446
16296
5275560
8000
10574
5761320
14586
17379
13526
4526550
18867
24327
2425870
9960430
2346418
903991
22975
3677928
30604
3163881
11472
32688
5740025
29134
7132940
13320
28636
9199389
1122990
26907
1434176
8279800
21692
20944
7560378
6283
32332
4404
16182
15996
5757138
1497453
721865
24422
25066
14433
1359523
23523
11655
8591274
26232
8402165
1431665
90
19746
17577
9074
10789
5841
6997
825232
9019356
3782796
9571870
10705
8755656
1598400
3255
19108
8359
16832
2697364
15071
2930291
22669
2797450
7605492
8213056
2511996
8159854
867248
7613712
6988090
2550710
16997
22190
6757200
30197
2151
391467
1431665
13939
6765522
8551
8752
24506
1137
2717054
1762592
118
28143
5561640
823040
4734
363001
6562760
15235
3603
22956
32732
19376
3645681
3337240
24485
7593264
3340856
29212
20052
4508540
3086944
26803
14775
920224
9367866
5507600
229
8409
8627066
26167
8205460
5813
32469
2357
20828
7646570
9977
1540712
22378
2117510
25321
7443133
3197612
9490912
9146955
9510170
6052832
7382880
6311408
1454
6174
27170
3189
17071
8398270
3473086
738288
9827100
1645796
13516
3671872
13485
32469
26296
9169102
4516460
3149060
1147982
28273
3376
3286992
3336296
15329
30672
9628550
9269163
9675600
16923
18053
18437
19554
7184455
22539
7679
9816937
2426340
152
2398281
15244
3073152
26678
6878560
15520
27053
9482294
9437216
12337
23997
2608580
1472
2391623
8595928
26141
8657082
28808
3074312
24480
286030
4886776
23858
19412
3408960
12082
1736
52716
963
15195
28104
6902792
9527
4428651
6125168
2980
3028691
9253264
5663173
2307051
21288
4472
2841807
2067
31750
1886
4013832
19474
5371190
2107500
319902
7911
2879
21798
6051911
3205864
9987432
29715
31406
24350
19035
1046890
75980
16159
4557799
12450
1681425
9307
16356
7919960
3352
1275
8417020
15007
25925
7056
5855
4102592
24061
21008
2271474
3484234
8426
2160186
4904574
20710
23
11615
5145776
8658
16016
502588
1329568
6914
22493
3451
11610
9763741
7487646
4532846
11682
12153
7093010
5214760
30084
29491
7204849
5259800
6013032
391467
9367866
4021120
8977594
6309716
7175139
8787492
8015968
2172576
6136919
2078
17909
4527
9494288
6280
5024
4956345
1016680
19887
3890640
22937
3700174
8396448
32659
7644160
1431552
1443489
6126
8243480
26152
340480
3246234
2962849
31440
2876
9648825
10518
27169
469
19001
20680
2672
5773
7578360
13958
25992
1053136
19746
1784230
7527702
8872616
27829
5134563
3291269
9571013
2172576
20222
4902149
5506790
22603
3524
22643
17594
31605
26388
13710
16763
14082
5726837
12257
2623834
27934
1551566
8035986
11908
4535
6048
723871
835194
23734
14676
5566
8129273
21170
9868011
22899
3612460
16942
5456871
13152
3638368
7332934
29079
30480
17181
364458
3740181
27348
8117306
2060786
9198
1988
9866806
1540231
3427248
4769
7000981
8136615
2672540
9204
7006
12120
8554470
5385088
9628
27437
6589
23246
4039
13398
27140
3710660
11273
8998792
3634580
8657
7465926
1165000
9898272
15594
4347678
13015
1048
2054720
2953888
30401
7521
28055
28083
5897348
5873813
4629018
8905178
2660
23506
10297
12214
9098692
10503
7585
14186
9255665
707665
17804
9007180
5410
21459
21585
16405
30772
1551566
15890
464
2027420
7239999
3661546
450536
1323
387847
336
715
1842000
5294364
22536
4341627
28089
7574004
4594
3355
8268544
8379
27086
4892
14082
5200540
1706494
3808
5156349
8834888
9007180
939905
14819
32729
3901530
7528192
4501
15552
846312
653320
795680
8081652
532
9003
4323460
2310
736375
9942
162809
9284720
5134800
2957880
31397
31299
9799775
10570
25149
29553
25046
341960
13089
17426
418120
3630672
24163
1719472
6410
971160
11523
5169
7593505
5449165
3789258
6108
13544
622
5662015
6229669
562
16971
6068171
9390528
4587107
32419
5484
15294
23037
18314
8853095
940305
7052227
6157792
13289
20799
24735
25515
31099
30832
8446608
5861538
17530
4547
9987142
736375
5975235
859200
1692515
5249293
27584
3486908
854244
4605930
16073
1988388
9061
5829121
12390
5030
16073
4039245
9349502
2890331
32192
4606136
16091
6173
3323528
14047
6971947
4048156
3052
5482174
2319
4621160
5599918
6872025
2616430
16144
9990
29743
4402
18747
26619
6036
15420
5406078
20238
7229730
8802
2041515
4410
2344
8752995
6207296
8374909
24456
18355
6601288
1715009
29051
5174
1980512
9175936
18223
21745
25002
9754
24557
24857
3751676
7598010
29407
7310525
3218120
4235776
5010730
12002
1530272
1782104
9730044
26883
30915
7912550
8056
282
31110
30447
5814417
31504
6866
8347284
8344786
4848964
3423324
22795
32410
8739
14790
7574308
7134
8105096
1414
3399005
30393
5723760
1434176
9642910
10181
18559
8128
4272
16416
31763
9714718
4990
234108
7873
8999
1024966
23408
32438
23987
5431445
13321
4110604
21568
24004
4464890
22192
16844
71
4040608
32716
3885632
1273784
11091
3671872
14808
17724
12135
10616
25925
10832
5170528
9889
1387296
6337120
13872
226114
8045653
2119308
5879
9445
23194
1006649
4204840
2772968
22547
8019764
3550214
29849
3495997
7206344
22689
2060786
5478979
1204314
4020780
5519878
8606791
32386
30147
1514920
3496375
5435002
5828480
7745216
4599934
14177
6629226
2228046
7423833
7283825
25819
305488
9784200
8792429
4732184
1329914
22083
2591779
226114
29687
6847
7682987
2644818
6049
7354250
4404700
29048
16060
5958600
4052766
16581
6457
5389614
15452
1428768
3952751
8303188
4398240
49114
9310
6762
18236
1805
32664
19487
31011
8460864
7363048
8668940
420175
20148
158250
13852
22209
8604540
29056
9745
11830
19214
20091
15382
8724952
19313
32428
2877349
4691058
3135355
2632502
30992
9612916
26811
4490368
1914
12386
4552162
4008315
9883
5841
8408410
18663
24141
16405
5014990
2569030
18827
9694
4580090
5683296
10897
960432
30135
11406
9898160
11682
3209249
9680641
22555
13344
23670
13690
7655801
6402865
1468408
23280
20068
2983592
1308284
8647695
7779
1342346
4630406
32010
2295
24057
7335526
18836
16908
19627
3318782
3026961
21682
5967
2381655
8576816
26467
6509
14614
32135
4071303
5814
223
1236836
8930
3586700
9910240
312446
16355
3705984
6234
2535731
1857
984950
7465926
31844
12660
25338
4941
15855
9167880
9452229
2138670
6453610
19889
6156852
5987215
21022
4904837
3121899
26766
9652880
3531
3943
21554
13116
17065
26792
1510262
30093
2078
30569
32367
4490368
2031285
7853067
14687
13032
3343475
6764496
10085
4977
8873096
12771
7316960
29899
3057360
6450730
2286
1451524
8220775
9358260
1128193
12042
7633
4463490
29029
19968
7624664
18087
10090
3378114
10214
18476
8405320
5629
2166308
7225530
9303670
364750
3941195
12310
18928
19863
251008
31446
22256
7452
7474403
2525800
5697
15759
6585
5235616
24707
243552
8514217
4408640
13103
4474807
4723585
23086
21196
5400099
6262637
17575
1932
7168070
1539989
15203
5808
4499430
29502
1975724
8644538
7706996
3890640
5156660
12319
1205051
3134135
31786
5662015
26291
6727944
2775842
13824
3104
4006
129492
210161
12001
23680
251
3050
4780316
9010564
1017
28443
660914
18031
4508540
6397696
4305534
8703520
3643840
3484276
10971
19047
5440256
6137
7921995
399788
3257
8829348
4267
4185264
11816
10532
26876
28795
5270632
32550
14919
27422
1372388
32288
13726
4057
6051345
9200
8066686
7836436
10812
3570545
1916186
1389120
3301215
6045222
5195630
2619603
9605443
15856
7779880
1477400
8186536
20436
139
2671534
10713
3355
411632
25948
8087536
8781055
474088
1906
30508
7128780
1383728
1514920
5862
72646
3335417
11740
3252752
22268
797
5724931
9890
27535
23379
22417
603144
3800
9354
6999284
9856785
10762
1652280
8640016
4877235
1544270
17039
8162670
6796
25783
24706
16253
19182
27052
4517
1673088
21212
21208
21098
9605839
3883579
5127744
8968
2363005
19279
5786326
6795
8904752
31874
27623
6921
6652
18916
6711100
26802
8442320
7207296
4596
1806
7326778
3937
7680
10195
16328
12696
5764448
22472
8738425
75980
20265
30493
9712
3481279
28968
3572266
23688
5020424
29208
14493
32548
5076542
25596
7665230
462
18742
7067444
4552
4280866
14428
31795
2623834
5595786
15069
1280
14006
7777
2457384
23725
7018727
9687496
28118
2718205
13284
8253788
8412750
1728
13340
3625390
3958842
9218080
14764
1904179
5744145
6775712
2191541
6594976
8634484
20815
27654
26840
703216
4537611
3427248
2614
2253900
20212
9299109
2879
3077074
31386
8741508
3091194
7328899
2799760
181500
11358
3090960
1648
734476
3351776
22159
8141
157280
12728
9236736
887
14311
6931
319427
751922
18425
5773610
22667
25253
6780570
7213428
8899394
9636222
22638
3085278
11173
2122973
6488493
171
18388
28873
7947728
10141
3042030
7348390
23902
6155408
25853
324222
5905
23598
6165880
6911550
2689033
6557980
5101766
9401
1507194
19805
5337942
7992605
7305440
15378
9727552
6254
3604
6655769
2846779
11156
3474031
6144964
5893740
22185
8520
32533
1065950
3717426
108679
23158
29606
9912
6203458
24736
15665
4417146
3215648
5914
43751
14841
5459930
7027124
4308830
4478506
3519639
3278650
19924
30037
261181
15876
19262
14220
12037
8128
753920
3235748
20988
3586
6810
26803
3049210
22814
5910950
4632142
1804
4539
987246
4117
26172
24435
2585457
26940
2439
9675600
15319
14256
2237418
9997
8059648
4117536
6008170
30036
8505443
28486
788144
31183
29426
5212040
2637594
5516651
29446
2751929
8139015
19600
8616244
1184120
11965
7968
3928075
2371648
9778
20114
32605
8715555
8224297
2525800
4705898
2194480
11900
5984048
6616918
6675929
15241
30392
7467896
5595786
25316
21205
31636
16453
23564
6954
8647695
3486
6844
23962
18567
4269120
5208060
6518330
8005846
9865600
6174
660
354
9805640
1635
532762
24605
22080
30915
7326900
5107575
4835968
1803920
25885
7181280
7106
32220
5001712
5384
798040
4875800
7467240
1283932
8672
13649
3601396
4663850
5507
21252
5782294
4288814
13861
2486372
6068171
13630
3359
2428
1553632
2932
6070972
15458
31293
2466070
8832414
4930304
1349
579
8791628
23894
32080
138285
19698
1377886
8268544
5069328
4150590
19441
7247600
21153
6563702
26515
1440
3622344
10098
4645284
6729861
1454520
5987116
29313
17503
12134
4032538
15499
23637
8128
19756
5906
4009544
7114396
13950
13399
352828
1324850
1623888
31596
660914
3661
1843
31179
7959
2613
6835680
1129056
17250
577286
2381
2513
1697000
30876
14858
28019
7575757
1277675
1568348
31958
5658954
5536132
28212
13770
10366
2595528
15637
6836
7402650
3385680
16864
12527
25971
8087536
13279
32427
15917
4191544
1901984
23315
30020
12045
7836
24213
3983373
2200686
9046228
17467
2906
6941
2240713
16599
7819250
5081226
3881
1295002
7023
16626
19738
13060
27458
4367
723476
7950280
1735644
774516
9067325
18817
4592415
713000
8594176
1110110
4569
2843648
4583880
32296
13845
1784230
17520
6657282
8217464
23670
24449
3205864
8162670
8300624
10810
28887
8505443
2002400
5160368
5097500
7485128
8555986
18010
11778
863
22501
19893
26654
12255
2422176
3932538
2096104
435050
2939912
21669
19149
2203
5088032
6015340
4754150
7850657
16775
9152512
24055
351
6726318
16887
5134800
2793493
8685939
7192872
9233
8481512
8541938
32387
8035498
4462480
1566484
976000
28937
2239104
21891
19730
14766
6084340
30132
7513850
4696347
7949984
26812
24194
19076
5735715
2619998
9023940
24023
31888
29096
7076548
7579745
21119
30621
29693
1948080
8338464
19488
5556765
30086
12219
1467950
3643840
11420
1702129
2403
2616430
25024
6108456
20125
9683072
11520
8421
9715940
3445
21516
24680
3468436
5902
2527030
9462234
2334888
8023738
4473947
6528890
16432
30826
1370342
16297
3917324
9230580
2928
5265500
4697
5507600
12171
32462
31724
2371648
9351154
1470680
8359
10721
3038214
6256853
3788
770336
22940
11329
19915
22574
5174
31391
22789
5788808
18399
22371
22122
4891854
6739
2176
441352
1771
17578
9626058
29587
2172576
5660430
10520
15593
2827862
5933280
345776
23921
3698976
119360
23391
3992020
7106762
16645
22476
4930377
24495
4396524
3163881
11575
1619
4901767
5046155
30283
11304
1814574
2451926
8174
3288330
11432
941968
15175
19132
18356
1127776
18188
2386948
1961616
4811696
8834185
3630672
7930037
3982241
6647
2113480
3174700
1256426
1926
7207398
22142
16037
4043975
22984
2661352
4554871
21411
8424
5302480
5837621
8268846
6944126
9012080
12680
247480
7002952
1607
21308
14248
8450
7786167
8174
13061
43927
4180336
8019155
5642208
2097526
7247341
7004397
23414
20988
30666
3375281
2174560
6992648
3255
4475143
9719810
27328
1568348
1930778
21609
3154016
6697484
1653062
9491885
3931
3388566
4151390
23174
13025
203241
10696
1038566
9021436
6788985
2118821
27152
10773
7231
17693
5157692
582009
4031
309080
903818
19472
6237216
14560
1253360
26872
4668752
10149
18798
2097526
5688
3195344
31577
32289
15855
23077
22779
16740
20525
22316
28241
25050
20207
4337510
1893156
1914400
20975
16012
32102
22779
5766176
4677872
5223712
9707075
6336163
8531518
7956
9063820
31306
5642016
32286
16952
1528224
20149
5065
16799
9663472
3408
5399
5750678
24560
9813732
8768063
8921
5273142
3358268
4925683
22070
13575
2164805
1739
21993
8144304
1236836
5424
11873
8864
304
2160186
3378114
9874558
4299
2307051
8536144
7619902
4337510
3038214
6307597
9081991
5421043
1478904
2943493
2572544
15105
7384500
19197
4995366
2196659
10417
30354
2520026
4385122
4676168
4875130
2244791
45957
1601940
3163290
28587
1656252
15738
13378
105220
3143866
1816525
24541
772
29104
3757440
9582604
9207
9236090
9729998
10923
8504
7175139
32568
3337240
4330
4209966
6616918
16882
7750608
6062053
26608
42344
18977
5630740
7905
9020
9554138
84486
1258350
7336250
28045
5121456
17536
5305
6077189
6516364
8788780
9028
7779198
17058
7083786
510
2103226
21406
6798372
35432
26943
6231700
5740587
9520
7751144
8548
20458
4052584
2821
29345
8638
15578
6626
5188
6312296
3867504
9205103
16767
9301292
11211
29842
852
6988090
7779198
30693
26248
15959
19361
3974330
6541013
9072173
3053190
5083079
28592
9124539
8867104
29555
1182
7014730
23503
22624
5156349
2404
14184
3606911
6353450
5754
6304288
4850
5774941
3553160
29530
3935300
22113
8918730
7665230
7811360
2236250
7175139
13574
4397598
5139140
5150056
2283216
1828
3601
21192
21703
2867
1229500
3473086
2395275
4343
7901500
29887
6360578
2600550
6595270
5011641
1281691
3018710
4986889
21007
4667036
8492214
6762
1646
7573964
2263006
2984
17786
141119
9533150
2392950
4142204
3986495
10297
3134
9107164
996364
8629275
5677
8391012
15481
27606
5809280
5126934
24509
580750
26163
17409
3066699
23538
6237850
11972
28684
1180698
7079242
22294
6350792
16551
7436297
1584
8206780
26866
30851
25611
24184
13380
6545
30573
8773582
5150056
1123550
7117612
863
1106440
9119104
17536
19446
7062675
28785
25267
2756550
8067754
19181
28464
24884
31404
8031141
9236090
4050820
7687
17325
2765
30542
21170
414
9749920
19898
13580
19
8268700
2324480
378884
5287464
11371
18319
30563
23050
4655588
5127744
12449
28121
2642127
2659878
18421
2492300
1647
4338
21751
32536
6111200
20153
23261
1748570
5730317
18968
4122
7068800
12209
32725
6892372
7513934
120568
8365332
1942436
26635
5014990
1568348
1805900
2245104
29161
7036384
14156
21774
5353
5448356
2371648
4180420
3839706
4476
4420
7366842
5986792
9103014
27614
3725375
754834
9315068
28265
16748
84486
16497
6575
549
9266120
28302
19195
1568348
7467240
11036
5836806
6660077
30149
6462350
16658
24673
9557944
9616
24951
14982
9793208
3778658
5545274
7509464
11550
4939540
4811
11447
1105692
7255476
562642
580
6926
9826664
16609
943546
6435350
24118
6207296
5172942
4166
24807
8906
7703
29036
15188
4112
6075
7242
6752525
370977
18015
4916896
13678
5451050
9119104
3424840
2680616
2650482
11268
12814
3375803
28632
14636
23552
22491
9470110
28222
8518226
25180
9169102
4336
4761280
12735
2759584
29945
20322
9560936
14859
8120360
503346
30600
4163825
32513
6757975
3524328
2322164
8204868
29675
9577874
28133
17147
154316
6340
15579
11245
8031141
2645108
21420
9902835
8874955
22626
1984
7176
1120182
2089
10673
1028773
12281
878
6133133
31867
6464770
4472652
30315
9849840
29019
8117
28132
20444
19073
14063
16116
132550
1494888
10338
19242
30605
8402165
21487
768273
8820060
6264919
5126170
1001370
6866545
9156590
16072
6368368
7491632
6035502
13473
5733818
7787
3992020
9625360
22569
868
7354
752392
683968
1520730
20281
25825
21512
3492595
32746
5519
2151920
8626826
11292
1025548
12193
1391515
9255665
234108
22300
9005099
7668897
22746
6977040
24116
22736
8024258
3245
4610
31800
30504
24611
6319608
9890119
25931
1670839
25717
24702
1639394
2752
20517
3615267
5706505
11914
15181
2463631
20385
6011
7800
19828
11059
4630026
658
28640
8919168
9661
6050
1465462
5447
9497
8322022
1181508
4651220
17792
14237
15532
19164
7207498
6760788
7801334
9249930
20963
8540532
4290664
2096104
5489063
4300541
28739
10860
6727944
25595
324116
26876
11948
5444915
9122282
8221376
26189
27839
22738
1540712
1960116
6263880
62006
2007834
20067
14685
29505
3562
23096
8181294
14377
8807
24015
6368300
11883
4872010
22619
2347967
5630
16356
3229
7597518
455908
13353
21939
1649979
16071
31895
3406216
8756465
684832
11474
28605
9164016
18407
15651
5508576
12539
3456
11978
4989952
7082172
7872
11349
8280240
2654060
16248
19869
20847
9302782
14044
3763274
14587
9046810
6263479
16507
22317
535240
16741
1993341
8666
779992
8768063
8327630
13614
28115
21866
6235690
7227699
8160976
141119
3750176
9612916
7847255
9390586
6114528
21139
27176
1510262
1879104
3577
23108
7485128
7076660
9629300
8144899
3804425
1098980
20144
7547470
8884384
7630
30861
10374
6854376
8725315
527340
6878560
26836
2383920
11931
1098
1273784
3998272
5296100
6872025
5204780
3753099
24666
22858
195998
25327
2459
4902149
27042
1380897
25459
5728870
20390
2359072
6989
4002435
27512
27926
2152838
5642016
901696
3216784
14010
30780
17946
9002234
9923
12811
3821
7081084
27225
9667417
30969
8284
653
4232
8317056
755476
31690
3843112
30901
7967310
7463
7420802
2364186
8586934
10489
20258
537892
6203458
19723
19728
14648
1687053
4325024
4892304
6683593
28990
31935
6758
4280
4767220
5256462
1930778
10428
429002
431473
16255
2369850
2332186
3532
27594
8934281
9607
6147560
8266160
8464660
1103936
25697
7810416
3163881
8434900
3412897
31543
9626058
1431254
4402
7204849
7194321
24290
5552304
20856
6084496
9873002
7681
6362
1376
5594122
29682
11308
3969085
8183428
17190
5796990
1453760
17254
14275
13336
7290240
7756944
7569730
12318
4194
4192400
2903336
3792988
8063756
9888848
12926
8254026
1839692
3086480
32402
25824
24864
3571040
10536
4096727
8742170
982490
2418720
806756
5449165
15905
9358352
1187528
531012
9740968
4550117
3261508
7397533
1265370
10500
1578467
15892
6656
2040182
600846
16177
7014730
9460
2260124
25436
4474985
2322
3900000
3263295
9944
7264647
15048
6450730
5195630
21588
9261740
19185
3106
17975
22838
1724
14713
27747
4886414
5298200
2231648
8708
30986
1057517
5131460
1507194
5814417
508442
5149220
6146410
4150104
2390913
11724
60564
7208
5385009
2829930
4245
9770442
5425
20326
12832
8760240
5780832
5642208
5869116
4514120
25077
6948824
20224
302185
7915020
2252544
29533
9201
7162
6238332
32229
13667
3318782
8347284
4200
6652545
1495688
22147
13700
687
10631
1053136
2097526
24728
7341962
13513
27134
17637
820240
22264
1249
4603110
1370342
5984048
28467
1376
8794440
6018632
12780
2058297
25768
9680410
3717426
8101369
21922
6874250
2205263
5173450
4467339
3361092
349
445204
2657829
2013200
945525
7397928
27552
7504
7642
9929
3210
25717
3251063
8074180
694119
9715
439158
1440921
9510878
16351
9805640
1966818
5220094
9774
6746
1075538
22681
1742210
12706
819273
19070
21356
8005892
4630406
6992648
673382
18707
13903
5591
8406633
6946165
1824022
1327305
5024430
28363
1742210
31076
2778112
32483
2538
9103
8557480
37137
8013664
6150688
6921990
3196688
6220214
2289047
451
4608
1385247
10291
3858
8601727
11453
12588
1389120
4105162
15225
739206
24116
31765
19829
5337448
8586
6807
6718325
10575
8984170
7137998
21782
5622
26454
3880596
23597
8678524
27104
5029
4015643
7227699
122064
3091194
5659940
31135
929000
6742200
1095
8738425
20315
9630825
27984
30896
2924224
12174
4744440
7659700
25612
29025
8504010
9872272
7377
168845
19270
12882
19143
4394864
29909
3394
27397
4373996
8285610
21530
1094
1345932
4800090
11643
1333763
17526
5306
3899011
338956
6239560
21088
9148784
2103226
6985
6437960
28379
6346
6892044
29582
31485
15303
32013
31664
1885975
8620066
6417920
8004932
23491
10268
19834
6125168
28442
2732250
26100
5620788
8446645
9958
178
30659
3517576
29446
4947
27644
4145772
2015
30275
30075
2145
18740
2938
9905165
433
739206
164
18204
1420144
20903
12629
10481
5259800
24222
7844
2752215
13857
11333
5497850
14952
2748096
4839768
3971412
5499616
449975
27153
9577874
6817552
8325750
3097
8462320
27355
3272800
18630
1389120
5828
189
2196659
1345812
14132
31679
1444928
9684432
4466
7042960
6857026
4590598
2735
5186915
26246
381
6699295
836549
2131404
10217
26531
10652
5839195
6865504
18675
6946165
27943
6563702
19056
14108
3750176
2074708
12531
8650846
28377
13525
10368
17829
2303360
1428768
6568400
4764270
5625117
30640
8379
30234
13685
7110634
2304
7183518
4683455
524756
6616918
2456
2626
21724
30275
23929
16128
8277623
2713
6732220
12373
706533
1046
1300716
26801
23859
9556396
2157014
5358860
8837096
28620
1076710
741536
6755
3451216
2872
1506
5715340
28008
5236224
770336
19960
1349574
3986495
2109361
823269
7862
2392950
1999
1771080
8130
1742210
2945888
9216
27967
8458
21521
8536144
4177990
15886
30049
11402
3032646
20343
18171
6071
14989
25228
4648922
28488
4973
28949
27531
7089958
5238035
19508
27511
26003
15360
2416884
12870
1028510
2278
7666582
4932158
15473
4636042
20826
5483600
3962451
24106
2674
25617
10455
6635259
17998
5024430
9391
7302
30426
2726212
1181508
7401562
10898
9047
3491742
6571280
28714
7013
19034
14423
31154
13841
3228539
7513850
6536738
8161165
2736520
786608
960544
2273
12099
1961616
30161
5979370
23518
6422644
6835680
3140739
4912085
27331
7657
6342864
4486552
4262576
24416
17515
17105
9169050
6665201
3641380
5314
7423540
21435
22194
15776
5805
25725
32545
960046
2830050
9169102
32125
1574560
27657
17574
21428
7204928
8555986
28787
10295
16887
12060
30516
3329478
2509
2779240
5453150
1040680
1913345
4761070
3773275
25177
7387
4796921
7443875
26297
14272
5583
2943493
6648
7944953
7159540
7596448
12634
9706922
19100
9022
23314
6157792
3243572
6700570
5532
14276
1639394
18465
4582
439158
13485
3351776
21542
5684718
19841
3018710
13345
1090453
1510
5260
4116816
1505262
7336250
3078140
2985893
19198
17241
4043975
3240400
4194744
18492
13841
26903
5139140
5314560
214
8417310
477864
2650122
24467
5788100
21205
3717426
4280866
3975
7169
9244342
19721
16972
3058359
9933
6673816
9266
9716388
21827
18055
7695
238981
17798
338
17815
7004864
8493740
4124
28713
27818
4180654
15712
6208425
24262
874
683658
8478
32147
2611130
6812768
14139
22669
9432940
2810948
5448356
609500
9554138
2329338
22639
1898393
7880
6909764
25024
8697004
25299
24820
803657
17749
12133
30520
8055506
6397836
10666
3510072
2323823
5663173
1572454
9585430
3975188
31266
18283
9980912
18666
3443584
4273992
24481
673382
15479
572824
2959360
4956345
28925
1630366
17703
9684148
3485800
7339191
5233502
21865
499987
4430
17770
8882
3152694
13564
2393504
5150056
10468
17446
2502812
4130139
6863597
1148
28346
5830
4146550
29174
2138670
17406
15736
12904
9582604
10437
4769375
9518323
5372836
2903336
9937
9836022
1796896
5685534
3917827
2369984
4371535
17511
31724
22749
1867
5046155
91545
8098
3489080
18967
1084560
20391
797526
4071303
20025
16234
29492
7483940
25264
8640
23196
22758
5577
31177
3464200
22272
2136656
12721
9356
4764763
15587
18458
6025122
1907680
20457
13993
7036384
29670
12460
2030939
23818
3197100
21245
9676112
2941
9445456
187407
18114
2692458
5920862
9616048
4937900
19940
1000
2813014
24648
29330
6450730
1905
2709120
8732256
2244791
868
14457
18757
13343
23247
29469
3565
10000
22503
8388573
22485
5233502
26652
14439
5196
7643630
31149
9232077
2878
22116
2388745
696918
5193340
4991578
3024
60564
24897
17740
7742736
6397836
3303440
2929799
3033840
26230
16418
6440924
18550
17114
6820882
12476
2906157
6130368
9081991
3937019
20705
3253808
1859642
19233
24608
609500
8815848
4749972
7499
1092616
13971
13075
563887
12614
5761
9958218
30548
3534657
6536738
9706922
4587107
27016
349738
21673
26940
9295150
30239
2862206
6727944
1548
17309
4571600
105220
16858
28113
16087
2544
5678
292003
9116
8024084
6371
16066
30218
28930
17756
24829
4208
23884
319902
5990829
26644
6220
10189
2402214
7351313
9876
1086056
156878
11229
2407690
9052173
16117
1665903
21529
8050242
12194
5886269
7985491
1331
25082
8620066
9596016
27916
9204592
2503206
26668
372784
1334
5092
7569450
4204840
19020
4280478
454
5696
9780656
1385562
28899
4677872
21139
914
18533
9225020
26459
9933
739
4488
31228
8453
5633840
7891280
6824010
5684486
5872722
21171
4410970
23381
15118
7868829
5696
1980960
9695215
9061585
8327400
9421284
31527
9749920
15023
27879
17238
4278
18420
10182
31825
7584009
8300624
7270
6858428
1636559
26993
28359
27060
4324407
7130006
20838
27361
13843
448
4909878
21275
7697132
2153181
7080498
4472
14806
8050242
3667610
2064870
2123
3261216
11358
2793
8128
2703805
7829812
7450
1635216
9640
8194926
8076
30745
7496
18139
18063
2979776
23130
7391876
9842789
14761
1106050
3692
4904430
6721701
11909
29603
3920384
7745216
10673
7399680
4608906
3515468
9559277
7617648
2392545
2446
27041
1818710
6524874
1669917
4153
1471
25303
6564496
32220
9409740
1438414
5370065
7383140
8664789
3291408
15893
25473
5105
852585
2817824
1842000
22840
4935
9406179
28149
19881
24203
4967
24378
2574798
19161
2440
25709
7089958
915
7976
1938393
5806950
2225728
25751
3952751
24954
6036443
17625
3268480
18162
27372
27044
9506
6270292
5392
3494814
1866732
14354
8910404
740490
1229500
16561
5757138
30206
7469520
5875552
7244757
8871156
6534
24984
8540532
2034702
30186
4562407
11033
5236396
8576816
494855
22675
2613896
4778060
8837096
3208567
7691307
2041
3958634
9742164
26917
7318867
4862
950960
8492966
5266
6732220
2585457
23584
9806720
212918
3453120
10198
8493740
20970
9797045
28790
6319608
4428651
2618076
13097
3820560
5026730
7940
3345700
6068171
6520750
9590528
5917898
23963
11418
5218800
2229515
6048630
5523813
7258
27405
4432672
19221
770336
13712
2330640
5933280
18715
8235079
32063
119360
5873813
11422
5949456
110948
2929799
27654
18399
3468436
24279
10429
27676
19907
3303440
6590042
6554443
7370620
3345
28555
3196815
25636
6438928
29765
25030
2759280
28159
17353
2893
7937680
5773466
3406871
9253527
12048
5230
7282912
20947
6284766
1190048
6320512
1178400
22453
6248116
302185
25876
2502528
4634303
4141468
2596158
8121743
2303360
29207
9498610
4677264
31038
26141
21501
21869
21006
5050682
8635232
18920
17289
1549
18012
29625
7755720
4747288
19573
3821121
786608
10959
2065040
9217964
1753270
17643
13083
449792
4763626
9262216
3503416
7607
8918730
4389
81
31258
4108768
17132
2074708
637032
32731
8876868
9249930
21758
26168
7755
5325312
5318325
30840
5603
9827530
12022
4764859
1038
19526
59184
4102592
5993
4528
26416
6188430
6945000
5432
8724788
9087786
23996
5886269
10135
6840690
10399
2820810
12617
8603560
4241769
1049460
1589512
8123136
6755570
2322164
6892044
8764875
4465
309080
21650
7097072
434973
3953500
6874250
29342
3094824
5517
7565040
823040
2249010
3120204
1098000
5833140
30202
18536
418120
12029
6438928
4906179
31293
27641
26066
5445788
3226
2798240
32616
13199
21167
7566208
32711
17624
6813772
31267
2308968
32608
6994928
8864512
4705898
32544
17969
1119690
8977594
8785900
29454
24184
22698
15684
11223
10420
653950
928
338956
1272040
6757975
9866
31020
537892
17424
12655
16155
5990
18931
5855200
31076
1470680
7964
6806519
3277100
17386
3107482
8472
6165082
1465310
8603560
6340286
1453760
5764448
2122721
26398
8933674
6417920
24019
8647695
753160
16451
8973
20323
10072
4854195
13395
28256
23003
8756465
5750678
485882
7093614
5080
5516651
18612
23818
30263
20242
595387
8911
26222
251008
1800329
2065735
9727354
30865
13432
7889910
6031988
10298
21863
24933
16517
1883514
20718
6028494
31865
11792
2218106
3246234
1553632
1213046
22599
124910
19142
932629
31584
4664
11756
20044
2411741
9148784
1021
7289942
420175
31401
3065056
5902940
29261
3619498
3801200
1310784
1500864
12884
1571422
5755776
3057360
3296784
5286901
3748536
11009
4911265
9220622
3146240
28088
23936
21175
8080200
6333
7631
19859
5734584
17165
7243692
8479
3778
1301111
18061
6131761
5407214
5561984
23992
16560
5107273
12203
6434160
9197200
27775
17824
22088
4348920
26249
10225
9493110
3404080
3130640
22305
3732
24088
1024966
4730790
29594
4336000
1638826
7806
180305
8864512
9946125
1741400
5767948
6954800
4447
30995
23046
27013
8375
17101
2348650
7305440
926678
1214
7925319
2605333
29355
5319374
26665
8623321
28892
14700
20082
1011270
6663
9382000
4432672
83750
7969434
4918838
3121899
8064352
958320
29193
5868638
31786
8006550
3835220
23055
17521
2555456
7150810
4514790
24532
1460047
12586
4752646
10781
1459486
9494032
32679
32175
9513
6854
2871840
3406871
4867
25499
32021
9481950
22503
2687520
28463
25494
16163
8232384
16547
5108
9316
1292200
4849830
20108
27832
28221
1811350
27948
11366
2717054
1866732
7609641
13935
5627695
3042030
21277
9656358
3040328
30855
15467
323220
7274984
979
2688255
9473864
9002250
702934
9709140
8637
6614748
3565222
25049
10978
2002623
9279197
29525
14351
644416
22541
27780
1492
9246754
6757906
8938922
8815288
1799690
926678
16981
9285
5011641
1059
12663
24507
9434344
6229669
9255665
7100456
3261865
1969929
7941750
5782970
16508
1773
7541
7128780
797526
9698022
25267
8649464
8402165
6369
5875552
19433
9259
2530913
1145860
4310368
6551
4105232
3757440
72646
944
9680
13046
1867
18834
7791600
15790
20746
7335526
9716388
8821
4490368
14783
27186
3860
1466535
25087
17893
19002
7747
27796
2143
5561726
6512758
15558
27094
434710
20488
8548
7598524
19000
31264
25337
20657
17124
32374
28431
19977
6432288
13491
2381655
1722224
363001
2351712
3602
5126170
836663
9211510
675384
9266120
2969
15153
31336
1430836
7230472
157908
5993
26815
2002878
6660077
4323460
13682
18834
6311408
916547
6069376
5470452
4993594
8663
179
6144843
2351712
932325
9287095
7697132
7995
20777
15
443955
19627
1938393
5817040
29550
3913872
6119222
617322
30891
14701
18114
2163
2412268
27425
7288
6959630
739206
21057
968600
9336
3525
19461
21712
14157
2005940
16443
2933
14715
6382222
4456
9047768
9785760
1598814
3998272
15413
377050
5739967
7083102
7158
22534
15553
5474
2780288
32572
29924
29050
25282
28393
22101
25705
1939752
16665
6167
21519
6840424
5821674
18250
6561974
2985893
30833
26241
24310
7300050
5837684
1209614
795680
7737040
9660765
20035
6414563
24591
387475
8023738
8170186
3330204
21269
3259660
12617
21307
6642150
6065990
23726
26434
10753
30675
7423833
8458
516
2633728
18544
16136
174475
2691274
8724788
4325024
22723
22445
29822
20962
7835704
8391686
8145
8347284
6271
5705690
8603210
3039
10134
31492
5153821
8149911
9126750
4347678
11257
8204868
2392545
846312
17113
3055
18269
7720617
11258
6048630
5791
6098
12273
3747667
5510088
577286
27659
3038214
3116250
14037
2959360
23420
1306
18554
1513660
8987456
29572
17934
5863680
744222
7839035
8620066
24654
4767220
24062
5325450
1887056
3082
12024
5834
1050732
29542
8475
25769
15824
3349
25444
7048339
14264
27889
3773275
22275
6265565
4810394
6568578
5772960
13760
20226
13784
7128780
5956016
6245600
6832648
8575
1111541
4486265
30301
23292
5521
2775842
6240
20767
3936137
2369850
4687
7256908
5897348
8585077
9619635
3176416
9703
4764763
1779
7902
7772
598
6771914
2263006
616
3884
4089541
4634303
23458
3425
3029902
27342
2854031
987246
10385
13325
9245
2929799
28497
1585
32491
17207
612382
2666818
322
14932
29914
5621895
2095
1878746
3682944
6746
7329950
8164196
19742
6309716
11551
19809
9679
27562
20109
5706505
31105
4790952
1358
14964
7288
21176
15419
6976
4218832
11180
14088
4001800
5047
3250886
1660579
837
17926
21465
4953
21437
9514154
4875800
12979
23396
9034075
21429
23658
853
30409
6885104
4811696
563887
6580
15595
4692
9641
1286
31929
6848712
9025
9554138
25557
8580872
12641
31669
18873
15627
26789
13709
30439
9520305
5257
30745
62676
8329203
1632512
21969
2239104
8515470
8322330
3130063
4308830
8673046
8594900
7804458
7411760
5807981
814080
24838
17534
29402
9474
11599
7908128
15315
3478800
3074312
2689033
2254452
7571
8916
11143
9107164
1558650
8826
2374400
32516
14178
9392636
2047673
7262
9023885
8996
5893293
9477
5262
3368560
3822310
6561974
879812
8892800
3375300
11123
1591400
24813
31728
1671080
3511096
11464
6714
8214652
13471
7073
31104
4435
21646
23275
4562407
27085
1727260
23274
6374
22271
4880616
24970
21597
9367866
4672
26797
4204840
2650122
22862
19774
4887
6368368
1342346
9419
4021120
15681
16067
4616
17512
3950252
29391
8765507
2283501
6314312
6002000
8965100
6397696
5615
16515
4353608
6309716
5666316
3370
4290664
2383920
22118
11444
8405320
31369
26048
1691
8666
3482
27440
17294
4899
564320
5714
21063
2880448
1165000
6785
24077
833792
30910
1658144
9905988
25523
31549
5612
2114822
29880
17312
4019452
7853067
9994880
5828224
16948
7868829
23409
79902
2932
18359
8815288
2445526
2058
6804960
7779198
19206
9561425
2717054
7874184
3946211
3777876
26597
23882
29676
7577105
11966
2468506
11986
9872136
25066
20274
20631
4262576
20084
834007
7335764
7011
6415656
4909878
1438
20220
8991296
1560789
21578
29833
3343475
4984635
1486550
6661
3002364
1737
9445456
23671
2308968
24327
6624030
15059
9590528
2525148
12170
2103226
16504
1420906
6311408
20911
5156823
13295
8568
7083786
7020200
3336440
8874666
14742
1306656
12336
437658
7020464
544660
20341
14483
5473103
5663
6814311
415131
3345930
8226312
2057859
20771
6624030
31983
9782633
5234091
6528890
951
5534512
5671
20164
79902
7943
17874
3214449
623238
10309
5370065
15366
5466756
24051
187392
7663022
16526
5642016
15098
6528600
32223
7947940
4049144
23898
3871
29330
3740181
6379
10289
32692
31495
8305850
15240
675130
31520
474088
9868011
21430
9097
300736
5139140
15729
3902
83326
8832414
782916
6071
3508540
6967
8638225
3109898
2721278
5170406
24357
3452
23256
20623
22731
5195675
9142475
6928255
6758991
8446608
2553
30673
9880638
4709302
11964
2896070
7711856
19329
18514
10883
697973
25672
8258768
16314
7494172
2664232
8962168
23490
31410
7792400
337036
8697750
7925319
6596834
7281
19467
8046470
7325137
21769
14336
10006
31240
7087210
10166
2537770
4711814
3672827
522073
6846
8470
7977042
22568
6573520
5186
9254164
2261591
4404
3963264
27894
14622
21817
1133289
8868224
7134
20252
2377
5973248
1483
470
2267860
25404
3998272
31955
9017
8715555
30046
23181
2729580
1079
7239268
9763741
16947
12258
2832102
31747
12662
12257
4805289
28149
24517
4629
3941
13167
24351
2511996
19198
834007
3946211
17183
1708
7149472
6822906
2024
2157014
14521
25974
24277
26101
13105
23677
7397139
1469028
2491258
31472
7270990
6339017
2118821
7664682
7683
9358
4993594
8417020
144
3955
2144116
8049
9026048
9496625
2890331
319902
1866186
6451080
3821280
3282
29266
17539
5574944
2524122
147712
8492660
2213258
9719810
2367
28014
13957
7759798
2989354
6015340
9512
6556
946504
6032775
2396
14213
723
25349
5917396
2006
6743477
10203
7616784
18207
12073
3955640
5337942
7845
19167
9678406
25392
8151
8555986
2857100
21255
7830
25569
6028494
7711152
15979
1400229
1880860
7619902
609500
32028
7228
3520864
6264919
29792
19938
1296986
22045
29177
5973248
1
664023
429002
23730
30665
6541013
25694
2074708
27225
12167
2378490
8036820
20079
2325829
2251476
13976
25042
4121
3481279
8314192
6112026
27300
5861538
637032
15847
12621
7245412
1311733
20147
6326954
7467896
7423833
746031
3252752
9236640
11780
31486
25942
2788190
683658
31374
2823125
28336
1441480
4947266
4509386
5832830
14428
12608
22646
2119
15197
8620950
22384
9540256
28159
6848712
27014
2239175
3270633
10742
11226
23791
9912554
4381747
4778060
3391
3622344
49114
28862
5935
23064
8018770
7889910
16888
9682166
9319
4877235
6951463
27373
28424
8938
5010730
32163
9662344
26426
2959200
582009
13681
9491
1748570
14356
17599
6208520
3853232
2189088
14882
29352
9334
9053392
2476224
19364
17662
16993
6136919
17491
5183392
4632
10952
9578082
8682170
1720
7950746
2289024
19427
6741
1598814
9946125
7566
1742210
23756
9045525
6700954
6386352
9749376
29633
23097
9914711
8062560
3656403
6795870
17744
17633
7525607
25735
26860
2611130
27751
3859269
5087072
9866806
8725315
7688580
1712686
19952
7423540
4040753
21693
3184455
5214760
28328
24217
3028691
5990829
2604355
3211400
3950
12171
22613
8569386
29696
9051471
3269
19898
7048452
7868829
31961
23945
12103
16045
2506542
21635
742
653320
17815
25447
9186010
9818
7090998
9978
6434160
22896
8514
8210802
7458
3875
13410
8585
2080495
7914293
21125
13118
1632
16953
8156160
17963
5178
1103936
24367
17735
7615
9716
4655
9082201
22522
5893160
1075538
20342
707665
5628223
7243
8064352
14615
5905
20777
2225728
415
3268126
5555140
1416
24978
9667417
377654
17645
1592
30114
32760
29501
5561
8761300
3306106
7762
2103226
4450
1211742
20462
29116
21647
1660082
1892
6134714
16146
8922
2708
2848645
703242
14737
8569386
3066699
30769
17655
30171
6450730
7391564
5709514
7273488
3784064
3211400
9098158
9948115
145203
3993040
2552320
24737
10311
23340
6983560
25672
582016
1665903
9957
9788864
9842
17640
13784
1660082
13260
3497560
3572330
5916880
27765
7270074
24980
7839035
3958634
7629
3661546
6042
2109
8124824
3489290
24406
3848528
3242640
3521658
1752393
8460352
29173
21965
5172
1351606
7123432
1377886
8861066
5637
4893155
4325024
4865277
1193820
251
4370
9287798
2455408
1275703
7971
1528
16865
4918688
11735
8231218
25671
607
1062794
7127244
2261954
2709433
32621
1135856
5146916
424553
6622042
2269355
12989
17569
2989788
23915
4908452
8205460
31543
4009332
2880448
19718
4913
3567660
32172
6042
3074312
15331
8422048
26269
19004
9524683
934
2380
17160
1389120
6435350
5008135
7024648
2274420
1824342
5474
2492200
3085
20356
29816
9880160
6410849
22187
10920
5614830
30411
5575906
16483
7710737
15032
26872
6035502
17823
3000900
14233
2843
907243
19009
23148
14918
8541938
8017370
337
9581494
1323
4080432
7612
5449165
2971816
5255688
8112
4352428
5499
5196800
28165
8120360
20004
18462
2602940
7533649
31698
15348
4671
22144
7412412
13873
3817210
2388745
9811375
6757975
49114
9440780
9394061
7394
6396173
12756
7782798
820240
1153879
15870
5745144
24858
19642
7383
2429
16973
3838
6549
19341
9027
1794288
14419
2599828
28436
9097365
4534
12234
26449
3111
7934195
21411
4948
9012080
7313370
24658
2381655
16775
8849
21724
7243800
27436
4643681
28860
1192136
4545
10615
31500
31030
14606
26126
4118
28271
5525466
929520
6888720
17757
5362696
4907510
5549
26574
1782531
3208567
23706
8379
31137
31326
19259
2727778
27067
28411
29483
1255148
827178
27269
16070
9733998
22629
4176375
9794
22023
8939488
32529
2719
24452
7090865
30976
22555
14354
32080
8043038
3560200
10154
29767
8396448
7574308
939
3858755
21458
21023
1277
9888848
5630740
9793208
7141200
31819
29623
19121
251008
1683
7243692
5249293
520496
5121456
8110324
21047
2645108
4794447
22646
18353
5806
5700544
21743
276936
1700975
23735
448254
19057
709066
21590
13673
1824
1792266
4506
7312672
2616430
22941
607
424553
30662
7624130
7866
5104319
14649
159775
10931
8204868
3491742
8689
3077074
6144843
7305440
9582604
485882
2402214
11308
8454
2132340
3236352
25499
9390586
6892044
14556
7304864
9675682
26094
9501
3443584
7204928
7301
7052219
5729373
27601
30654
14929
13879
5420
8580872
15336
31497
32030
25688
2965850
135008
19988
7358194
5130925
3223
2745658
6466048
21477
1023
28754
31120
4147610
15514
7566174
5785
1899020
11142
8335920
6775215
28909
755476
10556
6870356
6915077
701084
3211053
7937214
4394864
30391
7704108
6315
7113
13435
21492
14657
2642800
1031646
18960
6541013
11022
6387
15315
7467896
18220
16444
23828
27901
108
9868011
6387617
23175
28279
4044
26515
23841
14666
825530
11584
15113
786608
31011
9353
22710
5370376
886
5837555
3116250
6744539
22957
6945000
4614000
7578632
753600
3915471
8837096
24626
7090998
5228838
3199184
26794
25886
6878560
8595928
5449
6249
26494
8528
8062560
4006808
8822250
8034064
4529652
1268378
3088220
1623643
27677
7326778
24632
5899306
9776806
19934
8982312
27398
3837020
4518769
9914
5967776
8425602
8239788
20687
6382152
1778
7173815
162809
8696
9721
3306106
30480
9834710
4056503
2436
15042
31144
1948
3635
8533340
2113480
1077
8620066
6397696
3866918
17031
19114
5917396
6289670
6094278
12533
30802
2328
943311
8235436
5358895
5497320
29943
7521386
4434408
23257
29925
4922858
22822
10176
32188
23617
8112817
9324
25965
23266
9253527
17129
6271
16981
11158
1284562
1848
4873702
9695215
4632
5125692
26574
13816
12387
9440635
8442545
12840
4099
23618
8135504
6814311
6506376
14746
4009544
4162872
7626180
3917
1649979
22482
1865
13417
11762
6551450
11311
31666
4936687
3974330
5833140
7996940
18211
4384975
6503508
11189
19633
17015
8766724
1652280
5211
17099
2538480
3178204
32187
693
3539090
3176790
699680
8357
9454458
13978
1741
9476
5740025
27749
15056
3201296
13729
8668940
5899
19467
3997
1904179
9983
10583
30155
967
3420748
6326
6032775
8918730
1589512
5733662
24907
6692896
30218
29054
4482440
19391
5428854
5664100
7428
4305
28074
1722224
5873813
22748
5410530
18996
15188
2899950
10706
5556538
4523108
4036558
7916456
6570488
1108445
5104600
3682944
9401227
12454
2562
9759420
4191544
18044
1001704
5462336
15109
7858475
9921450
29189
6028494
27632
18793
1590650
9345
9760960
19029
268928
6086
5214
11221
3920384
19267
9951850
703230
22472
23578
10189
26762
13152
517510
3937019
29979
2253900
28749
5282996
6573520
20586
21059
5085875
14087
25919
4208028
1391456
6471
20053
4501392
3340626
9454340
7602522
3757440
6217164
17541
6954800
8976
32729
25345
4830
20398
2068
9033130
7908128
31383
3148256
7422
19299
21668
24044
4984635
2310687
25755
32532
4506845
8405606
24512
7391876
6759840
24690
30078
1999150
4299548
2398281
502588
9833
9983175
4937900
13751
9207
12346
26210
3643840
7706996
8218059
20513
341
1670
7161
681024
7582762
4298890
8516574
30472
1031646
414
27608
5318325
5420188
31324
4929021
5969850
24310
13995
3041961
8874
1255584
1900928
916547
385152
7926112
5613
6563702
32604
13371
12856
8822833
23803
9294169
7740492
3451023
22842
5703800
4347
1683776
8249
1420144
418120
8046
3959934
4344048
8454250
7752370
1440921
3672827
5303
3671180
8586292
4616320
21501
15984
1529016
5126170
9510878
32209
997536
6059940
8725
15773
1739850
2283501
23892
3199635
24887
24787
2151920
3387
30828
29806
20021
11280
2280660
268928
2797450
1702129
17710
13070
2195314
9836022
25423
22156
1006486
1340286
5764448
29117
9695215
658688
23109
2976154
8106769
17615
8542
10120
14090
29644
1976
1478650
8603560
997228
562642
2884217
2337731
22806
2304
31296
1612422
4150104
23712
4248928
2930
1696106
28113
26833
12087
24019
15895
15180
19938
2476227
7551627
4254
4444358
18008
3261700
2607
2952378
26354
9514760
5017984
9370245
9901
8150974
13433
5914
4961595
6820661
4162877
738384
17561
8583
12750
1395784
7643
5062162
737870
31510
9529054
4972572
5283496
1860051
2331510
30472
5489063
13049
7073
1019
9511161
17839
23985
926678
9218988
5724931
4668752
8979893
22931
9169050
2148256
13280
17379
5853163
22130
6732220
2293
2637594
5001712
6760788
7563249
14450
27700
6835680
4733238
22286
562280
6456250
2661885
5837684
11655
19711
1546650
16262
13016
30
10990
8286
8391686
677800
2946384
17885
3085278
23728
9794792
7815120
6520750
6208425
9205103
6316
18823
5941950
8729582
32528
28141
19467
21618
3397282
28950
26134
4506
26393
180
5981953
17018
402
21217
9068
566502
10081
6011506
8968584
5496231
4163815
3937019
10984
627300
1880
12990
7797777
22030
445204
4299
3752622
390474
10268
2422176
4650
102938
9925118
3238120
24352
27699
16135
31839
450298
7075841
27444
6616
2820865
22806
1106440
9826664
6363532
3413
4202269
6463
4882719
6892044
6543974
7908128
17945
2491258
12448
30048
15087
8380680
9386392
5295
12639
4040753
260
7296
30911
473
2631080
757640
27389
6629
7441643
28446
7643630
11791
9005099
431473
1358700
10674
21179
393981
12389
5234091
12951
9453845
28942
1253360
32247
23851
7287560
24737
9832
17322
310070
4932158
975
1683398
5101744
3007
30422
1932
3107482
979
1459486
28353
8531
23870
3357400
3947056
6245146
5282996
32189
10177
2953888
30771
21628
9817
4208
2533264
4569220
21344
3344432
6373
21235
10612
25606
21211
6699
7635
544
6455822
6339017
2883
18288
13883
1623888
9514154
24116
3993
226280
1980
9164016
19255
3146
7298144
599160
441352
7357
9435000
68992
9162608
9106160
1429000
15242
11057
1408592
32560
8442320
8576630
20850
6953579
26759
4645076
1970
29953
12986
450536
1196
8011440
12371
1036887
12673
2172
26872
26138
3520750
15905
12229
7633
27545
24626
9549083
13129
4238032
126574
9577874
8873
1239576
9732964
6025122
3823800
2230415
32298
6281594
6835978
14513
23452
4532
12460
22430
150452
9176
8239788
4335216
25191
2426480
27474
24987
11821
10291
7466
5501
666132
9710622
7243400
8026
8389800
9181952
30111
9898572
9979690
31396
5266951
29529
2282928
2605333
7243400
23756
4462480
1495688
846
6015805
23859
31673
5288
4546112
3625390
9578082
5024430
2783192
7401562
14423
136512
5859635
18560
1690613
20299
28543
8199270
19981
977710
3395528
2034702
4350
786608
28301
6119222
12453
20866
1609200
7941750
5112
27236
28503
7745216
2263006
6453286
31492
2256745
17176
25978
1029456
20401
4617
4877
9079
2195314
2856
8692
2027420
10550
2244075
2962211
8664340
498
1275585
6495
21592
18391
703230
6904
7836436
4754
9706
30343
25438
1106440
1031646
10751
28804
6814311
31336
14654
29442
25824
14831
597130
12434
4231069
677800
5473195
7430870
9126632
20212
260
2849946
14028
5497938
666026
7892
29089
4383996
22524
351
9236736
25498
24101
21742
1855550
26795
4930304
5912
9113824
3765273
3262582
1127
19279
800863
8173
1331
309160
27675
4215674
28926
25152
9821
14064
29258
16364
77
26433
12973
5663173
6306
3594710
8445442
1990994
14966
8322330
19372
815
7753
13425
1476960
8082435
2218777
3433491
32638
5031561
16775
9242299
9249930
3755889
24507
17457
5570
251724
27962
9813772
9609970
7430870
12026
4659992
29992
9638
3443665
8359738
29927
9923962
22513
11235
25357
9169102
3091194
20888
5651820
21937
5323620
8910847
940025
27103
7612500
30621
5544
844650
4142204
22949
18040
2809622
28975
27490
15207
9814260
5011
3570545
7740864
80
5882560
3920808
2565220
2588393
6249678
27536
24943
15183
5646848
9492961
7150
30538
11973
27526
932325
2486372
17398
18010
1722224
5670025
16889
6353450
5670025
10093
675
2877349
27650
23758
4358619
23235
29530
3488890
4764859
5400099
6274625
17386
3930
11763
17316
32441
17559
5917898
27352
9776806
8631
17055
3375281
13863
3565222
4619582
14380
6180880
7430870
8482955
21188
19933
9757359
6230365
2254482
8552277
27944
5259800
11538
3066699
24546
6704037
2642800
2275
25937
3120
1297
1859642
212918
20143
16929
4677872
5149
2337
8756465
241
3375213
4984350
324222
11236
29937
24449
672290
21667
664356
1244295
5658954
4414
5957985
1558964
1268302
13109
4249770
25345
7383140
1938788
6991385
8910847
25608
7269
8607892
4498766
4709302
6299178
563887
5335
124
14595
8673
20883
9561425
79902
4026930
81910
6996310
24326
2423
8492214
31198
19778
28930
4102592
20656
4498766
7723025
11698
5858880
28035
28181
7707
8561
812799
22091
6332342
26132
26465
30921
468
9949520
7048339
5704270
10440
32030
32440
13320
15467
9354710
1128193
2198960
9181136
328780
4315680
1119750
18279
30238
24752
6232
6666
16311
24658
7849
26191
4764763
9237896
2655200
105220
21073
32387
4087
19450
1793024
2486372
7942
15765
6423976
7950280
3902630
9404230
1111
7643630
638
9244
4479
4013
27148
6427168
15464
11799
7083
23158
4199802
13414
3716028
2890331
13890
3484276
7519944
8971
8586292
29954
4841565
4061174
13083
9146955
8249180
8331
8218
2539
6387617
9427
27456
1359
1887056
8051450
3435286
3368560
22602
5501034
6260
11925
24473
29308
13691
14692
5124
15469
2221990
6397816
1223108
24912
5529860
9287798
4236
1110440
21269
8335920
22954
23704
24595
19599
32285
2890331
392
9720780
30421
8704
7607951
7143720
13587
1815606
1268302
15706
21534
7547470
9908680
21281
28767
15738
3283112
6050
4244138
12426
5478152
10394
5318325
7073782
10502
8765507
4209
4013832
2829930
8871156
2805234
154938
11433
26292
1170190
8064352
6591636
3369
18328
31196
1935592
6410824
439158
6607736
29133
9843
207886
7643630
3902630
620
8957840
2858168
4854195
426580
13999
24514
2269355
19060
4584
5162051
1874
3413
2148256
8600266
8047
25667
1868
9375900
5874238
31632
8937398
22156
8684323
3960365
30972
9549897
263
2799240
21958
9243392
29833
25855
30579
42344
5828480
2517907
27985
7720617
5966956
17337
25566
10575
9436515
561
9202399
6150688
27256
9727552
18010
4069
1190933
2489402
1069788
19165
20239
18356
9979690
1448000
6442016
2745658
7474403
9608
11752
5248
5754
15630
7097072
8083156
22992
25333
2356000
7863
19884
27813
869
15652
7873750
31087
4404
23168
2960350
6667014
4003312
7839035
11293
30601
9244324
18261
22156
4554871
9080750
2800
7052219
10228
2331510
8405606
1440921
2658330
1741400
5083079
